4,8,15,3
{"l1": [[-72, 6, 127, 117], [89, 115, -128, -79], [-83, -56, 127, -54], [-48, -128, 104, 98], [78, 57, -30, -128], [-41, -59, 47, 127], [-128, -29, 36, -45], [-128, 0, -61, 18]], "l2": [[17, -59, 39, 54, -67, 127, -37, -39], [0, -110, 122, -87, 44, -128, 79, -124], [57, -8, -82, 61, 127, -119, -16, -36], [-58, -106, 91, -61, 19, -54, -35, -128], [-36, -88, -128, -83, -5, -57, -88, 116], [-99, 0, 118, -101, -128, -62, 30, 119], [91, -40, -123, -5, 127, 122, -48, 77], [82, 2, 127, -101, -108, -14, 4, -32], [-6, 53, 65, -64, -76, 127, -84, 100], [-57, -101, -97, -56, 72, 5, 127, 60], [-30, 127, 56, -93, 14, -84, 33, 42], [116, 1, 29, 127, 11, -16, 113, 80], [-128, 120, 69, -6, -101, 56, -41, -76], [120, -41, -79, -127, -102, 43, -89, 30], [-29, -53, 127, -57, 45, -8, -105, 44]], "l3": [[7, 8, -107, 0, -45, -24, -127, -17, -19, 12, 82, -98, 63, -39, 14], [-79, 1, 48, 58, -51, -42, 78, -62, -71, 47, 127, 11, -110, 80, 15], [50, -51, 48, -30, -65, 84, 124, 64, 57, -10, -128, 49, 50, 29, -49]]}
59,30,51,18

saida=2



4,30,20,10,3
{"l1": [[-41, -127, 125, 44], [-22, -3, 21, 127], [-61, -81, 127, 11], [-128, -19, 65, 20], [-9, -11, 14, 127], [38, -114, 60, 127], [24, 55, -7, -128], [-45, -128, 120, 82], [-19, -126, 71, 127], [-8, -127, 78, 62], [-128, -56, 121, -41], [122, 49, -127, -102], [56, 87, -66, -128], [29, -82, 81, -128], [78, 102, -99, -128], [38, 118, -16, -128], [-34, -59, -127, 35], [-57, -128, 126, 95], [20, -101, 127, -72], [-128, -80, 126, -23], [48, -128, 33, 61], [-39, -128, 99, -46], [112, -25, -127, -127], [-69, -22, 42, -128], [-15, -11, 83, -128], [127, 49, -104, -128], [-128, 66, 77, 34], [118, -119, -40, -128], [-72, -18, 33, 127], [-35, 44, -128, -56]], "l2": [[81, 31, 127, 14, 68, -111, -93, -26, 58, 112, -95, -87, 23, 40, 74, 1, -114, -19, 74, -95, -32, 19, 113, -64, 50, -110, -20, 48, -104, 81], [-74, -38, -85, -65, 6, -40, 62, -18, -3, -40, -9, 84, 66, 5, 127, 62, -46, -55, -63, 57, -26, 33, -21, -8, -30, 0, 36, -15, 42, -28], [-98, 53, -33, -67, 37, -18, 57, 28, 10, -60, 41, -53, 31, -40, 127, -58, -89, 43, 42, -69, -101, 57, -69, 66, 31, -33, -87, -44, 42, -21], [-15, -11, -31, -31, -24, -41, 88, 10, -34, -5, -24, 63, 80, 53, 98, 89, -43, -39, 35, -2, -2, 47, 50, 15, 52, 22, -14, 127, 30, 46], [-84, -10, 26, -54, 15, -28, -74, 35, 52, -1, 88, 103, 8, 19, 75, -101, 8, 56, -24, 75, -111, 39, 127, 114, 67, 46, -19, -38, -127, -35], [99, 62, 76, 46, 84, -40, -12, -11, -32, 119, 127, 102, -63, 43, -106, -31, 71, 19, -24, -57, -58, -49, 120, 99, -34, 16, 23, 99, 70, 33], [-63, 20, -79, -33, -54, 55, 75, -5, 28, 33, 127, 3, -108, 109, -48, -76, -27, 41, -107, -48, 45, -37, -47, -15, 5, -54, -62, -44, 3, 34], [-76, 71, 47, -88, -79, 71, 13, -114, 116, -127, -91, -63, -41, -93, -87, 18, 55, -120, -128, -27, 105, 15, 15, 89, 35, 66, -77, 10, 58, 66], [-27, -18, -98, 24, 3, 7, -97, 88, 6, -27, -49, 125, -55, -114, -23, -91, 62, 123, 90, -89, 127, 27, 10, -25, -16, -19, -87, -118, 88, 34], [46, -33, 83, -81, -110, 67, -81, -83, -4, 64, 16, -81, 29, -88, 19, -52, 104, -50, -27, 12, 59, 111, 127, -112, -15, -2, -31, -106, 112, 94], [-111, -74, -34, -53, 58, 114, -5, -128, -51, 16, -12, 88, 11, 80, 9, 7, -76, -77, 112, -16, -6, 18, -94, 30, 114, 63, -8, 15, 63, -9], [-12, -101, -7, -57, 88, -25, 44, 109, 124, -22, -52, 12, 116, -112, -95, -120, 38, -128, -39, 8, -93, 107, -68, 97, 122, 5, -48, -105, -13, -54], [67, 28, 66, -72, -48, -1, 50, -58, -31, -109, -34, -90, -70, 1, 98, 104, 82, 48, -85, -81, 53, -21, 52, -63, 75, -94, 26, -127, 99, 82], [-94, -27, -59, 26, 35, 108, 103, -42, 53, -69, 96, 60, 97, -67, -114, -127, -102, 56, -112, 86, -83, 92, 48, -31, -57, -54, -102, 102, -44, 15], [-23, -31, -65, -39, -11, -12, 47, -78, -39, -65, -29, 74, 69, -29, 127, 14, 20, -72, -26, 33, -42, -6, -13, -8, -22, 52, 34, 24, -10, 1], [-90, 103, -4, -102, -14, 67, -54, -108, 30, -120, 72, 111, -42, -93, -84, 100, 56, -81, 41, -83, 127, 99, 6, -24, -102, 105, -81, 113, 95, 85], [113, 94, 69, -59, -20, -6, -2, 90, 76, 41, -39, 103, 62, -45, -58, -39, 29, 69, -101, 64, 85, -53, 127, 12, 26, -52, 41, 3, 102, -108], [39, 60, -109, -56, 6, 48, -26, -73, 66, 60, 93, -68, 90, -96, 37, -101, 105, -73, 33, -103, 76, -128, -118, -12, -45, -23, 64, -125, -105, 81], [102, -106, 43, 36, -3, -128, -83, 8, -26, 126, -104, 71, 32, -114, -43, 112, 120, -79, -2, -64, 10, -78, -125, 55, 89, -71, -83, 91, -96, 22], [7, 123, -13, 52, 25, 112, 45, 58, 55, 27, 62, -23, -39, 62, -49, 103, 12, 52, 65, 38, 23, -57, -66, 42, 3, 37, 23, -128, -13, 17]], "l3": [[-12, -99, -3, 126, -25, -20, 91, -14, -16, 100, 37, -112, 25, -79, 75, 27, -128, -101, 31, 80], [-7, -96, 15, 25, 94, 127, -28, -22, -81, -27, -38, -115, -123, 34, 11, 86, -111, -79, -99, -56], [8, 25, 14, 45, -6, 25, -34, 10, 12, 12, -73, -34, 54, 39, 76, -57, 0, 2, -17, -127], [64, 77, -38, -39, -101, 125, 51, 75, 78, 112, -128, 10, -112, 96, -10, -98, 100, -37, 30, 9], [0, -4, -26, -7, -36, 83, 16, 17, 2, 78, 127, 21, 75, 27, 50, 97, -73, 49, 63, -1], [62, -92, -36, -65, -23, -16, -41, 67, -21, -69, 26, -69, 20, -76, -94, 62, 63, -30, 34, 127], [-20, 127, 62, 28, -25, 25, -16, 4, -53, 56, 13, 5, 20, -58, 104, 42, -3, 29, -51, -52], [25, -128, 113, 14, -47, 58, 52, 37, -98, 46, 6, 88, -96, -70, 68, -96, 33, -114, 16, 89], [-9, 20, -9, -128, 18, 15, -12, 0, 21, -55, -19, -28, -27, 11, -47, 14, -31, 93, 57, 97], [126, -12, 86, -65, 61, 46, -50, -19, 27, 73, 43, 100, 41, 53, 14, -47, -127, -19, -116, 5]], "l4": [[-93, 18, 127, -58, -121, 17, 19, -71, -89, 33], [52, 8, -128, -47, 25, 14, 91, 28, -13, 7], [51, 90, -73, 36, -19, 118, -85, 32, 127, -59]]}
64,32,53,23

saida=2